Lou Malnati's Pizzeria////Their lunch special has went from no beverage included to $11 from $9 within a year.