Lou Malnati's Pizzeria////Thank you for your review, Sylvia! We are happy to hear you enjoyed your pizza and salad. Come back and dine with us again soon!