Lou Malnati's Pizzeria////I have eaten at several other Lou Malnati's locations but this one takes the cake.