Lou Malnati's Pizzeria////Deep.Dish.Sausage. The best thing I've ever tasted on a butter crust!!!! They're ranch dressing is delicious and salads are a nice side.