The Purple Pig////Grilled octopus