Bavette's Bar & Boeuf////Definitely excited to go back-but next time just the two of us for date night