Bavette's Bar & Boeuf////I'm praying they survive COVID.