Cafe Ba-Ba-Reeba!////i preferred the sangria at cafe iberico but otherwise babareeba wins in my book.