Cafe Ba-Ba-Reeba!////Empanadas are my fav!