Cafe Ba-Ba-Reeba!////It was all fabulous and service was great.  We never felt rushed and just truly enjoyed our experience!