Smoque BBQ////sliced brisket, to die for..............tasty ribs, beans with pieces of smoked meat, great mac and cheese, sweet peach cobbler.........yum.