Cafe Ba-Ba-Reeba!////I think we ordered the wrong things, cuz I know everyone loves this place. We got a cheese board, which was super lack luster considering I have cheese boards often. 