Cafe Ba-Ba-Reeba!////Out server was SO KIND! And the ambiance is warm and fun! Loved it!