Cafe Ba-Ba-Reeba!////-- Goat Cheese Baked in Tomato Sauce