Cafe Ba-Ba-Reeba!////The sangria is good if you feel like getting white girl wasted.