Smoque BBQ////This is an amazing restaurant and experience. The decor is phenomenal and the service is better. Eat until you're stuffed and you'll be a happy patron. Nina was a great waitress, and I'm very happy with my choice. Check out the rooftop deck