Smoque BBQ////- Food was good, but I didn't find it spectacular.  