Smoque BBQ////A bit pricey but worth every bit compared to others I have had.  Will be back to see Carlos and maybe try the ribs they looked great also.