Little Goat Diner////There are so many better options in that area that I still do not understand why this place is so popular. 