Little Goat Diner////Just try Little Goat if you have a chance with an open mind and enjoy the Chef's creation. It made me wanna make some unique dishes at home. Isn't it nice to find an inspiring places?! 