Little Goat Diner////Brunch items were interesting and are served all day!