JINYA Ramen Bar - Houston////Hi Donancy - Many thanks for your awesome review. We appreciate your coming through, and for being so patient and understanding. We hope to serve you again in the near future!