Uchi////You have to get the brussel sprouts and fried ice cream. AMAZING!!