The Pit Room////Don't forget we have tacos, salads and plenty of homemade sides to choose from!