Local Foods////For any newcomer you have to try the crunchy chicken sandwich on a pretzel bun with fresh chicken its so hard not to order every time you go! 