Local Foods////This place is a ways drive for me and a bit expensive, but if friends wanted to try or was willing to take me for a ride. I wouldn't mind spending the $$