Bosscat Kitchen & Libations////Great lunch. Wonderful service from Meagan. Will be back to try the fruity pebbles French toast!