Bosscat Kitchen & Libations////300+ different sorts of whiskeys!!! Seriously?  :-))