Common Bond Bistro & Bakery - Montrose////Pro tip: come on a weekday before work. It's significantly less busy than the weekends.