Common Bond Bistro & Bakery - Montrose////It's been raining since last night, and my body craves for some carbs to get that extra calories.