JINYA Ramen Bar - Houston////Talk about hitting the spot! 